sprite1,136,1,1,1
sprite2,15,3,1,1
sprite3,30,6,1,1
sprite4,11,11,1,1
sprite5,338,11,1,1
sprite6,60,12,1,1
sprite7,105,15,1,1
sprite8,86,16,74,69
sprite9,167,17,91,68
sprite10,263,19,90,67
sprite11,20,20,57,65
sprite12,358,20,75,69
sprite13,442,20,57,65
sprite17,3,63,1,1
sprite18,83,77,1,1
sprite20,245,89,1,1
sprite21,308,89,1,1
sprite22,160,92,67,88
sprite23,368,92,1,1
sprite24,314,95,1,1
sprite25,452,95,1,1
sprite26,484,97,1,1
sprite27,3,98,65,82
sprite28,426,99,1,1
sprite29,73,100,74,80
sprite30,248,105,78,75
sprite31,425,108,80,70
sprite32,334,110,80,70
sprite38,240,141,1,1
sprite39,514,157,1,1
sprite42,326,173,1,1
sprite43,239,176,1,1
sprite44,209,185,1,1
sprite45,160,190,81,73
sprite46,327,190,85,74
sprite47,423,190,99,76
sprite48,13,191,60,71
sprite49,247,193,69,71
sprite50,81,195,72,67
sprite56,48,264,1,1
sprite57,234,264,1,1
sprite58,175,265,1,1
sprite59,212,266,1,1
sprite60,309,267,1,1
sprite61,16,274,1,1
sprite62,418,277,1,1
sprite63,414,279,1,1
sprite64,96,281,62,79
sprite65,175,281,62,78
sprite66,257,281,62,79
sprite67,15,282,60,78
sprite68,342,284,64,79
sprite69,424,285,57,78
sprite70,242,302,1,1
sprite71,163,310,1,1
sprite72,414,312,1,1
sprite73,339,324,1,1
sprite74,162,336,1,1
sprite75,85,340,1,1
sprite78,198,363,1,1
sprite79,24,369,1,1
sprite80,418,370,1,1
sprite81,99,372,45,83
sprite82,178,372,48,82
sprite83,19,373,45,82
sprite84,251,373,52,82
sprite85,421,374,45,81
sprite86,343,375,45,82
sprite87,13,391,1,1
sprite88,9,426,1,1
sprite89,162,435,1,1
sprite90,480,453,1,1
sprite91,480,462,1,1
sprite92,70,469,1,1