sprite1,390,0,1,1
sprite2,263,3,1,1
sprite3,422,4,131,159
sprite4,221,9,1,1
sprite6,6,14,1,1
sprite8,0,18,137,144
sprite9,141,18,135,144
sprite10,283,18,132,144
sprite12,420,22,1,1
sprite13,417,23,1,1
sprite22,128,164,1,1
sprite23,281,171,135,152
sprite25,0,184,137,139
sprite26,139,184,137,139
sprite28,422,184,131,139
sprite41,280,290,1,1
sprite42,278,291,1,1
sprite44,278,295,1,2
sprite45,278,298,1,3
sprite48,500,324,1,1
sprite49,366,325,1,1
sprite50,3,329,134,147
sprite52,284,329,132,147
sprite58,423,334,130,142
sprite59,143,335,134,142
sprite77,138,434,2,7
sprite81,422,461,1,5
sprite83,483,480,1,1
sprite84,200,481,1,1