sprite1,143,1,1,1
sprite2,278,1,1,1
sprite3,182,8,43,75
sprite4,161,9,1,1
sprite5,19,11,42,72
sprite6,100,11,43,72
sprite7,267,11,43,72
sprite8,346,11,43,72
sprite9,426,11,43,72
sprite11,79,16,1,1
sprite12,317,43,1,1
sprite13,255,47,1,1
sprite16,395,73,1,1
sprite17,82,78,1,1
sprite18,326,88,1,1
sprite19,19,91,42,74
sprite20,100,91,42,74
sprite21,182,91,43,74
sprite22,267,91,42,73
sprite23,346,91,42,74
sprite24,426,91,42,74
sprite26,392,102,1,1
sprite27,239,116,1,1
sprite28,406,118,1,1
sprite30,266,146,1,1
sprite31,101,172,1,1
sprite32,349,172,47,74
sprite33,16,173,43,73
sprite34,95,173,48,74
sprite35,181,173,48,74
sprite36,266,174,49,73
sprite37,423,175,43,73
sprite38,416,187,1,1
sprite39,335,205,1,1
sprite40,156,207,1,1
sprite41,473,225,1,1
sprite42,237,233,1,1
sprite43,173,235,1,1
sprite44,85,236,1,1
sprite45,419,248,1,1
sprite46,17,250,45,78
sprite47,152,252,1,1
sprite48,317,254,1,1
sprite49,99,256,44,72
sprite50,326,258,1,1
sprite51,179,261,50,68
sprite52,245,265,1,1
sprite53,253,267,1,1
sprite54,259,269,54,60
sprite56,373,277,1,1
sprite57,238,279,1,1
sprite58,389,285,1,1
sprite59,332,297,68,32
sprite60,419,297,1,1
sprite61,411,298,1,1
sprite62,414,298,65,31
sprite63,479,301,1,1
sprite64,425,331,37,82
sprite65,260,333,39,82
sprite66,181,334,39,81
sprite67,15,335,48,78
sprite68,342,335,39,81
sprite69,309,336,1,1
sprite70,246,337,1,1
sprite71,99,338,54,77
sprite72,247,355,1,1
sprite73,392,356,1,1
sprite74,418,365,1,1
sprite75,76,380,1,1
sprite76,337,390,1,1
sprite77,419,395,1,1
sprite78,481,404,1,1
sprite79,469,405,1,1
sprite80,15,418,48,79
sprite81,97,418,48,79
sprite82,179,418,48,79
sprite83,265,418,48,79
sprite84,344,418,48,79
sprite85,423,418,48,79
sprite86,170,435,1,1
sprite89,260,496,1,1
sprite90,387,499,1,1
sprite91,317,500,1,1
sprite92,439,503,1,1
sprite93,304,504,1,1
sprite94,239,505,1,1
sprite95,465,505,1,1