sprite1,486,11,1,1
sprite2,269,12,1,1
sprite3,86,16,70,63
sprite4,173,16,86,64
sprite5,272,18,84,63
sprite6,377,19,70,64
sprite7,469,19,48,61
sprite8,19,20,49,59
sprite14,533,53,1,1
sprite18,452,68,1,1
sprite19,95,84,1,1
sprite20,450,86,1,1
sprite21,160,89,61,80
sprite22,4,93,58,76
sprite23,70,96,64,73
sprite24,492,96,1,1
sprite25,274,99,72,70
sprite26,462,103,73,65
sprite27,371,104,73,65
sprite28,155,107,1,1
sprite29,551,110,1,1
sprite34,359,161,1,1
sprite36,403,170,1,1
sprite37,182,171,1,1
sprite38,341,173,1,1
sprite39,371,178,81,70
sprite40,459,178,92,71
sprite41,12,179,54,67
sprite42,156,180,72,66
sprite43,264,182,60,65
sprite44,77,184,63,62
sprite46,338,196,1,1
sprite51,252,237,1,1
sprite54,323,248,1,1
sprite55,356,253,1,1
sprite56,114,255,1,1
sprite57,496,256,1,1
sprite58,453,258,1,1
sprite59,33,259,1,1
sprite60,168,265,56,72
sprite61,18,266,52,72
sprite62,93,266,57,72
sprite63,246,266,56,71
sprite64,242,267,1,1
sprite65,326,269,56,72
sprite66,403,269,49,72
sprite68,325,290,1,1
sprite69,518,291,1,1
sprite70,553,328,1,1
sprite72,481,337,1,1
sprite73,36,338,1,1
sprite74,247,341,1,1
sprite75,164,351,48,77
sprite76,18,352,43,76
sprite77,93,352,44,76
sprite78,235,352,49,77
sprite79,318,352,44,78
sprite80,399,352,36,76
sprite81,389,355,1,1
sprite82,305,358,1,1
sprite84,544,365,1,1
sprite87,386,400,1,1
sprite88,440,410,1,1
sprite89,69,411,1,1
sprite92,314,428,1,1
sprite93,223,431,1,1
sprite94,98,438,1,1
sprite95,24,443,1,1