sprite1,181,9,44,74
sprite2,17,10,44,73
sprite3,99,10,44,73
sprite4,266,10,43,73
sprite5,346,10,43,73
sprite6,425,10,43,73
sprite7,171,11,1,1
sprite9,478,16,1,1
sprite10,260,44,1,1
sprite12,171,69,1,1
sprite13,29,89,1,1
sprite14,185,90,1,1
sprite15,17,91,42,73
sprite16,99,91,42,74
sprite17,180,91,43,74
sprite18,266,91,42,73
sprite19,344,91,43,74
sprite20,424,91,43,73
sprite21,259,105,1,1
sprite22,251,125,1,1
sprite23,467,136,1,1
sprite25,407,146,1,1
sprite27,95,171,46,76
sprite28,182,171,46,76
sprite29,268,171,45,76
sprite30,350,171,46,75
sprite31,16,173,42,73
sprite32,423,175,41,73
sprite33,58,178,1,1
sprite34,481,182,1,1
sprite35,82,199,1,1
sprite36,340,200,1,1
sprite37,59,202,1,1
sprite38,3,216,1,1
sprite40,316,245,1,1
sprite42,165,247,1,1
sprite43,17,251,44,77
sprite44,262,254,1,1
sprite45,98,255,43,73
sprite46,176,260,56,69
sprite47,259,269,57,60
sprite48,172,279,1,1
sprite49,401,285,1,1
sprite50,422,292,1,1
sprite51,332,296,68,33
sprite52,414,298,66,31
sprite53,423,332,40,81
sprite54,179,333,41,82
sprite55,259,333,41,82
sprite56,381,333,1,1
sprite57,341,334,41,82
sprite58,15,336,46,77
sprite59,97,338,56,77
sprite60,256,359,1,1
sprite62,93,394,1,1
sprite63,240,399,1,1
sprite64,400,406,1,1
sprite66,265,416,47,81
sprite67,179,417,48,80
sprite68,14,418,48,79
sprite69,97,418,48,79
sprite70,344,418,48,79
sprite71,423,418,47,79
sprite72,239,420,1,1
sprite73,171,429,1,1
sprite74,337,440,1,1
sprite78,77,460,1,1
sprite79,331,468,1,1
sprite80,80,499,1,1
sprite81,361,499,1,1
sprite82,78,501,1,1