sprite1,153,3,1,1
sprite2,483,9,1,1
sprite3,98,16,70,65
sprite4,406,17,1,1
sprite5,191,18,86,63
sprite6,291,19,85,63
sprite7,20,20,46,62
sprite9,383,21,70,64
sprite10,462,21,46,61
sprite12,71,27,1,1
sprite17,518,47,1,1
sprite18,520,55,1,1
sprite20,533,58,1,1
sprite21,75,68,1,1
sprite22,365,86,1,1
sprite23,181,89,63,83
sprite24,252,92,1,1
sprite25,5,95,57,77
sprite26,82,97,65,74
sprite28,283,101,73,71
sprite29,456,105,74,65
sprite30,372,107,74,65
sprite32,156,114,1,1
sprite33,357,116,1,1
sprite34,75,118,1,1
sprite36,279,130,1,1
sprite39,554,161,1,1
sprite40,538,169,1,1
sprite41,166,170,1,1
sprite43,134,173,1,1
sprite44,48,177,1,1
sprite45,101,177,1,1
sprite46,13,183,50,66
sprite47,369,183,81,68
sprite48,182,184,68,67
sprite49,280,184,57,67
sprite50,457,184,93,69
sprite52,177,185,1,1
sprite54,89,187,58,62
sprite56,346,206,1,1
sprite57,272,208,1,1
sprite59,273,226,1,1
sprite60,10,228,1,1
sprite61,362,232,1,1
sprite62,277,236,1,1
sprite63,250,242,1,1
sprite65,541,259,1,1
sprite66,100,260,1,1
sprite67,269,262,1,1
sprite68,187,269,67,73
sprite69,282,269,67,73
sprite70,7,270,64,73
sprite71,90,270,1,1
sprite72,94,270,68,73
sprite73,82,272,1,1
sprite74,451,272,62,74
sprite75,377,273,67,73
sprite76,255,300,1,1
sprite79,168,339,1,1
sprite80,75,341,1,1
sprite81,337,348,1,1
sprite82,129,350,1,2
sprite83,189,355,53,79
sprite84,10,356,48,78
sprite85,96,356,48,78
sprite86,279,356,53,78
sprite87,555,356,1,1
sprite88,375,357,48,79
sprite89,448,357,43,77
sprite90,532,384,1,1
sprite91,442,393,1,1
sprite92,446,403,1,1
sprite93,270,413,1,1
sprite94,482,437,1,1
sprite95,544,438,1,1