sprite1,339,6,1,1
sprite2,11,10,49,74
sprite4,92,10,49,73
sprite5,174,10,49,73
sprite6,259,10,49,73
sprite7,339,10,49,73
sprite8,419,10,49,74
sprite9,475,25,1,1
sprite10,313,43,1,1
sprite11,479,58,1,1
sprite12,228,59,1,1
sprite13,143,62,1,1
sprite14,76,67,1,1
sprite15,403,70,1,1
sprite16,313,76,1,1
sprite17,481,83,1,1
sprite18,57,89,1,1
sprite19,11,91,48,73
sprite20,93,91,48,74
sprite21,176,91,47,73
sprite22,260,91,48,74
sprite23,339,91,48,73
sprite24,419,91,49,74
sprite25,142,96,1,1
sprite27,403,136,1,1
sprite28,476,146,1,1
sprite29,487,149,1,1
sprite30,397,160,1,1
sprite31,165,161,1,1
sprite32,67,163,1,1
sprite33,285,168,1,1
sprite34,346,172,50,74
sprite35,13,173,45,73
sprite36,90,173,51,74
sprite37,178,173,50,74
sprite38,262,173,51,74
sprite39,422,175,42,73
sprite40,77,182,1,1
sprite41,173,214,1,1
sprite42,325,224,1,1
sprite44,334,230,1,1
sprite45,75,249,1,1
sprite46,13,250,48,78
sprite47,325,251,1,1
sprite48,96,255,45,73
sprite49,177,260,51,69
sprite51,259,269,53,60
sprite52,236,271,1,1
sprite53,247,281,1,1
sprite54,381,282,1,1
sprite55,332,296,68,33
sprite57,414,297,64,32
sprite58,171,302,1,1
sprite60,420,333,43,80
sprite61,176,334,45,81
sprite63,255,334,45,81
sprite65,337,335,45,81
sprite66,463,335,1,1
sprite67,11,336,50,77
sprite68,92,338,61,77
sprite69,72,346,1,1
sprite70,228,356,1,1
sprite71,384,360,1,1
sprite72,87,381,1,1
sprite73,484,385,1,1
sprite74,78,390,1,1
sprite75,487,391,1,1
sprite76,403,402,1,1
sprite77,261,417,49,80
sprite78,11,418,49,79
sprite79,93,418,50,79
sprite80,176,418,49,79
sprite81,340,418,50,79
sprite82,420,418,48,79