sprite1,214,7,1,1
sprite2,451,9,1,1
sprite3,152,11,1,1
sprite4,77,15,1,1
sprite5,259,16,1,1
sprite6,14,17,123,126
sprite7,152,17,131,126
sprite8,291,17,123,126
sprite9,538,19,1,1
sprite10,429,20,119,123
sprite14,289,84,1,1
sprite15,144,96,1,1
sprite16,2,104,1,1
sprite17,419,111,1,1
sprite18,230,144,1,1
sprite19,14,153,129,131
sprite20,153,153,129,131
sprite21,291,153,125,131
sprite22,429,153,131,131
sprite27,145,179,1,1
sprite33,14,293,130,130
sprite37,153,293,126,130
sprite38,290,293,129,130
sprite39,429,293,131,130
sprite47,572,329,1,1
sprite48,565,344,1,1
sprite51,7,377,1,1
sprite52,573,381,1,1
sprite54,570,405,1,1
sprite55,573,405,1,1
sprite59,161,426,1,1
sprite60,528,426,1,1