sprite1,126,7,1,1
sprite2,75,10,1,1
sprite3,93,16,72,63
sprite4,179,17,85,62
sprite5,274,19,84,61
sprite6,19,20,46,59
sprite7,370,20,73,63
sprite8,461,21,46,58
sprite9,81,23,1,1
sprite11,84,44,1,1
sprite13,165,72,1,1
sprite15,186,88,1,1
sprite16,36,89,1,1
sprite17,168,90,62,78
sprite18,4,93,57,75
sprite19,78,96,64,72
sprite20,272,98,74,70
sprite21,453,104,76,63
sprite22,356,106,79,62
sprite25,258,134,1,1
sprite26,348,142,1,1
sprite28,531,147,1,1
sprite30,72,178,1,1
sprite31,355,179,85,67
sprite32,13,180,49,64
sprite33,169,181,68,65
sprite34,452,181,96,67
sprite35,85,182,59,62
sprite36,270,182,58,64
sprite38,72,194,1,1
sprite39,75,203,1,1
sprite44,126,245,1,1
sprite45,135,255,1,1
sprite46,372,260,1,1
sprite47,57,261,1,1
sprite48,177,265,64,72
sprite49,275,265,64,72
sprite50,9,266,61,71
sprite51,94,266,64,71
sprite52,367,268,65,72
sprite53,453,268,59,72
sprite54,261,279,1,1
sprite55,519,279,1,1
sprite57,537,289,1,1
sprite59,165,315,1,1
sprite61,522,328,1,1
sprite62,543,328,1,1
sprite63,447,333,1,1
sprite64,213,344,1,1
sprite65,177,350,53,76
sprite66,17,351,44,75
sprite67,100,351,43,75
sprite68,454,352,39,74
sprite69,270,353,52,73
sprite70,363,353,48,75
sprite71,150,355,1,1
sprite73,510,364,1,1
sprite74,174,369,1,1
sprite75,147,375,1,1
sprite76,159,384,1,1
sprite80,246,410,1,1
sprite81,156,416,1,1
sprite82,267,423,1,1
sprite83,207,437,1,1
sprite84,483,439,1,1